3.263983876240277304e+00
4.871482367361599231e+00
4.704935453136869228e+00
5.001277653593934502e+00
4.451573987760824913e+00
1.122423102721894850e+01
9.026512659304568587e+00
9.457611313650760465e+00
9.521054075221924151e+00
9.458164817733106133e+00
9.426135784700180764e+00
9.409235811548628092e+00
9.386353946371938761e+00
9.362979179929551421e+00
9.347563672257832579e+00
9.335890543025184840e+00
6.217689088284216403e+00
9.461123328839484259e+00
6.836585483076945025e+00
8.638452157741012272e+00
9.074545100240024809e+00
9.014566559836540094e+00
8.934238568653187329e+00
8.894187964707437999e+00
8.849591038887417938e+00
8.794322531554797706e+00
8.754823327007180467e+00
8.723461587952323626e+00
8.698250612378119584e+00
2.895977828772335894e+00
9.929637768854568947e+00
9.893808635557789444e+00
3.156094958009983742e+00
5.808678711572018649e+00
8.736212019896864689e+00
8.776661803503849058e+00
8.820795358004485109e+00
8.870990557635956009e+00
8.955475839944098126e+00
9.004355714130229060e+00
9.044184171187840349e+00
9.193197194922118953e+00
9.473361774231669585e+00
2.910638722199772932e+00
8.752139274522241053e+00
8.798991885776663580e+00
8.864431263235607261e+00
8.921266465900592024e+00
8.975449391398804266e+00
9.131636973495705689e+00
9.150398322905319404e+00
9.121928158724347924e+00
9.422562235474392978e+00
5.852781284518816740e+00
5.867945796050688223e+00
4.436217195996384532e+00
5.989631647204318732e+00
6.011314979723052510e+00
4.550576863213002810e+00
4.606266304256127597e+00
6.038859117434588697e+00
8.560637126375816308e+00
9.186570330382004101e+00
1.175017235359159429e+01
6.391258255029116597e+00
8.887436642425027955e+00
2.825397774469695644e+00
3.893859679027030563e+00
2.788575085750632176e+00
1.517426014224704467e+00
2.932552491709979670e+00
1.465786655034210462e+00
6.098356561097811657e+00
9.148632261714160663e+00
9.153437916918907291e+00
9.164251609570737145e+00
9.184266454156597703e+00
9.213595659560402495e+00
9.250208019645675961e+00
9.285988151390544232e+00
9.317103366760672856e+00
9.350481021523759040e+00
1.002147959311170844e+01
1.029187961321195388e+01
4.435806308783300622e+00
5.497168627635122817e+00
5.510309744177002145e+00
3.593377526089448715e+00
1.286991741604913386e+01
1.064528307973672483e+01
5.628563252518604898e+00
4.328853399850094874e+00
8.659338477736426398e+00
8.666028964736831597e+00
8.680858481479326372e+00
8.710989403221551797e+00
8.766241130779832247e+00
8.855101180897792190e+00
8.985335463332123851e+00
9.155361297977490764e+00
9.377487666739812155e+00
9.659957555640938054e+00
7.638382725457495859e+00
9.308803548216921797e+00
9.293361018630498904e+00
9.141588906035062578e+00
8.976878774842976583e+00
8.850362659285234912e+00
8.762381062301621171e+00
8.710541941062306392e+00
8.682425342855580652e+00
8.668185169896508668e+00
7.218096810856777346e+00
1.443050910173773849e+00
2.888164420384972786e+00
8.669417836339276207e+00
8.683928531864394174e+00
8.711733298083599308e+00
8.760556094543741068e+00
8.842826645417712683e+00
8.977738290862824044e+00
9.158349282746529596e+00
9.409212199511593155e+00
9.662832140222013422e+00
9.931406473218274300e+00
5.073871145912006497e+00
4.848244431405968058e+00
4.680331992235602812e+00
4.558857201551186122e+00
4.470835532685502933e+00
4.410955847654907558e+00
4.374814821329391812e+00
4.353013571567049489e+00
4.340488770205874758e+00
2.889791460079887742e+00
2.239351729409987612e+00
5.854043038330397408e+00
2.378430738003754819e+00
5.949499963286331017e+00
2.314262655889944398e+00
6.044424289863278510e+00
3.737374912313814690e+00
9.847484258213571318e-01
1.131579156435997824e+00
5.701369701268111712e+00
2.205665592529163721e+00
5.612299396432161913e+00
2.193321126734983473e+00
5.614207474078131810e+00
2.206957582527774964e+00
5.642896006630213179e+00
2.217221040030728396e+00
5.649554157209571770e+00
2.208589708199838242e+00
0.000000000000000000e+00
0.000000000000000000e+00
0.000000000000000000e+00
0.000000000000000000e+00
0.000000000000000000e+00
0.000000000000000000e+00
0.000000000000000000e+00
0.000000000000000000e+00
0.000000000000000000e+00
0.000000000000000000e+00
0.000000000000000000e+00
0.000000000000000000e+00
0.000000000000000000e+00
0.000000000000000000e+00
0.000000000000000000e+00
0.000000000000000000e+00
0.000000000000000000e+00
0.000000000000000000e+00
0.000000000000000000e+00
0.000000000000000000e+00
0.000000000000000000e+00
0.000000000000000000e+00
0.000000000000000000e+00
0.000000000000000000e+00
0.000000000000000000e+00
0.000000000000000000e+00
0.000000000000000000e+00
0.000000000000000000e+00
0.000000000000000000e+00
3.265637776291664629e+00
9.807915991527888622e+00
9.818828800047514349e+00
9.805921229726404675e+00
9.741101235188859064e+00
9.601506470952827499e+00
9.357209768843645747e+00
9.333132759423172331e+00
9.468289944654085133e+00
9.709669706254430821e+00
9.728104639824710631e+00
9.624079935781425732e+00
9.584545212408206893e+00
4.972146108486535709e+00
9.889657157309976299e+00
9.838399661467050805e+00
5.169818559436760275e+00
9.557768176640228930e+00
8.984854392714023419e+00
4.972786390969305081e+00
9.939235477905718597e+00
9.791247363389416591e+00
9.798585723320584862e+00
9.737206835515127779e+00
4.777415197461841956e+00
4.377933554487871248e+00
9.376341309946324643e+00
8.593010894804784527e+00
9.692829897060795119e+00
9.928826850039385477e+00
5.089788970115676214e+00
9.649415528973356970e+00
5.078851330163533184e+00
9.725461375124625718e+00
9.681557466588886385e+00
9.390448773925079706e+00
7.122239237824604885e+00
6.621153274574346881e+00
9.469232335328882755e+00
8.899422483502814174e+00
9.899198517191800661e+00
9.854844347594255538e+00
4.997374393338334997e+00
5.021090265601041658e+00
9.847801486986083930e+00
9.805529369654481187e+00
9.855862369014808166e+00
4.922356234216091586e+00
6.547752243862720256e+00
4.929539160022808453e+00
4.949075535137310133e+00
1.642388582639331185e+00
9.809841829971883698e+00
9.821399317326317657e+00
9.843653431807418031e+00
9.872460404859745964e+00
6.602300881185017012e+00
3.310994293550892920e+00
9.623106157310923336e+00
9.769879697226061310e+00
9.841845498112869350e+00
9.882327298152130624e+00
9.912640961642946280e+00
9.939019084854637143e+00
9.960628673992811599e+00
9.888066325431982051e+00
9.887709416974825416e+00
9.858240559613090426e+00
9.782057683573819773e+00
9.665645091340881123e+00
9.627809448111335655e+00
9.602344891544593253e+00
9.723619849275277005e+00
9.781813386919360198e+00
9.611702135036038541e+00
9.577757808062562717e+00
9.297010438353069617e+00
8.531780863372315338e+00
9.330597625468543654e+00
8.568347399985219326e+00
9.636951726804927176e+00
9.790787048558238226e+00
9.784722997786001741e+00
9.699046169821873065e+00
9.727133278973456143e+00
9.849479435135519267e+00
9.842200972164580008e+00
9.845594296285671732e+00
9.918001802189625238e+00
9.960476258563593532e+00
9.856576627781105771e+00
9.729334476284345001e+00
9.646066145071289455e+00
9.379301705125312694e+00
8.609483363175495896e+00
9.704914879736632471e+00
9.778881285221952879e+00
9.438626387868524148e+00
8.556826889865362773e+00
9.912392266255167783e+00
9.943181939932284052e+00
9.946795587652578874e+00
9.947505577477450345e+00
9.921096213756857907e+00
9.917930193455491761e+00
9.910533567478655215e+00
9.966036866743737122e+00
9.963361846262479560e+00
9.967190214873410170e+00
9.872662462840537501e+00
9.873115712898963281e+00
9.874383730800101233e+00
9.877324567130237654e+00
9.842260047968908410e+00
9.804484119098308526e+00
9.735246331059117963e+00
9.818293338769827017e+00
9.843875135438059587e+00
9.789639026076098816e+00
9.762868423997653977e+00
9.780486792758370740e+00
9.837777100907866057e+00
9.839163139440456618e+00
9.586542838677102552e+00
9.632166960910193865e+00
9.957523487341791935e+00
9.933121494876042235e+00
9.903797067733325576e+00
9.932981111044217215e+00
4.974380453238075539e+00
9.903444088179908178e+00
9.935741657851203001e+00
9.933856902693793955e+00
9.958742253524011545e+00
9.957822089630850471e+00
9.908009751815441746e+00
9.905132321462106759e+00
3.290792502321180368e+00
9.819271781144246702e+00
3.272167069534440031e+00
6.562149757621638102e+00
9.809050348075823322e+00
6.536843749567938566e+00
9.669590779527533542e+00
9.686694963506461420e+00
9.705509522070967066e+00
9.720868122476526096e+00
9.729313469987776131e+00
9.728938384934583183e+00
9.720270589898650115e+00
4.852888899775185116e+00
9.765890311420657000e+00
9.783588048879392929e+00
9.767736327662401408e+00
9.717655553790669032e+00
9.641431501242443858e+00
9.555902901649059089e+00
9.514753074930277776e+00
9.551859910995863956e+00
9.773879575806034836e+00
9.455395297918069986e+00
9.453655704471822574e+00
9.493946465895534814e+00
9.580751633352193153e+00
9.667316070176557474e+00
9.417406645326112269e+00
9.442624060113669060e+00
9.446041086398246023e+00
9.001186644399744807e+00
9.296810853814648112e+00
9.549727007102013943e+00
8.604246024180746133e+00
9.777510873305587324e+00
9.412443121035025229e+00
9.446418600740665639e+00
9.629826362985699717e+00
9.489450688646199339e+00
9.944378424311892672e+00
9.437621731315056550e+00
8.935231185709534785e+00
9.486391835869513400e+00
9.484761182414258585e+00
9.576571774424049721e+00
9.501013719150774861e+00
9.714478324398150733e+00
9.684965054030163500e+00
9.604830665007268564e+00
9.640689732209992258e+00
9.614728372529214084e+00
9.683572262568628020e+00
9.659419296633640073e+00
9.552896508103437156e+00
9.535519120779374802e+00
9.769567248548232996e+00
9.733774304230529140e+00
9.761410829536641742e+00
9.743036308342349017e+00
9.737979409318267443e+00
9.676815726047889754e+00
9.657283090997173858e+00
4.828369468978219281e+00
9.357055272638435284e+00
4.674104933841263687e+00
9.203013940637866597e+00
8.898835108182614917e+00
4.423706373440023043e+00
3.800198037352489511e+00
4.578841625024446138e+00
9.572982727332581376e+00
9.470108589161878143e+00
4.789433472848981133e+00
4.741539485841546941e+00
3.249304711683559610e+00
4.868538743375157907e+00
1.618152624103166959e+00
9.759093422538178686e+00
9.777255000465443047e+00
6.496993890922317938e+00
9.757254867640794416e+00
4.859915871127925335e+00
8.124763789516485701e+00
9.723945098609370064e+00
9.766139575741481949e+00
6.442008633766451275e+00
9.688211791514888205e+00
3.212923281030381162e+00
6.425867742694586937e+00
9.638785019388045328e+00
3.212928339796015109e+00
9.680596995589285214e+00
9.657249174682894122e+00
9.643917993358074980e+00
9.659499358682539949e+00
9.659895904854742810e+00
9.687528196855568652e+00
9.690378116548826526e+00
6.431384851638437539e+00
3.216582427256328813e+00
9.649644363185489127e+00
9.653703371586516369e+00
9.661545667099662893e+00
9.671025704611254881e+00
9.642050375154596509e+00
9.643118793236672204e+00
3.221527849101685437e+00
3.225793895735361794e+00
9.681936271382138415e+00
0.000000000000000000e+00
0.000000000000000000e+00
0.000000000000000000e+00
0.000000000000000000e+00
0.000000000000000000e+00
0.000000000000000000e+00
0.000000000000000000e+00
0.000000000000000000e+00
0.000000000000000000e+00
0.000000000000000000e+00
0.000000000000000000e+00
0.000000000000000000e+00
0.000000000000000000e+00
0.000000000000000000e+00
0.000000000000000000e+00
0.000000000000000000e+00
0.000000000000000000e+00
0.000000000000000000e+00
0.000000000000000000e+00
0.000000000000000000e+00
0.000000000000000000e+00
0.000000000000000000e+00
0.000000000000000000e+00
0.000000000000000000e+00
0.000000000000000000e+00
0.000000000000000000e+00
0.000000000000000000e+00
0.000000000000000000e+00
0.000000000000000000e+00
0.000000000000000000e+00
0.000000000000000000e+00
0.000000000000000000e+00
0.000000000000000000e+00
0.000000000000000000e+00
0.000000000000000000e+00
0.000000000000000000e+00
0.000000000000000000e+00
0.000000000000000000e+00
0.000000000000000000e+00
0.000000000000000000e+00
0.000000000000000000e+00
0.000000000000000000e+00
0.000000000000000000e+00
0.000000000000000000e+00
0.000000000000000000e+00
0.000000000000000000e+00
0.000000000000000000e+00
0.000000000000000000e+00
0.000000000000000000e+00
0.000000000000000000e+00
0.000000000000000000e+00
0.000000000000000000e+00
0.000000000000000000e+00
0.000000000000000000e+00
0.000000000000000000e+00
0.000000000000000000e+00
0.000000000000000000e+00
0.000000000000000000e+00
0.000000000000000000e+00
0.000000000000000000e+00
0.000000000000000000e+00
0.000000000000000000e+00
0.000000000000000000e+00
0.000000000000000000e+00
0.000000000000000000e+00
0.000000000000000000e+00
0.000000000000000000e+00
0.000000000000000000e+00
0.000000000000000000e+00
0.000000000000000000e+00
0.000000000000000000e+00
0.000000000000000000e+00
0.000000000000000000e+00
0.000000000000000000e+00
0.000000000000000000e+00
0.000000000000000000e+00
0.000000000000000000e+00
0.000000000000000000e+00
0.000000000000000000e+00
0.000000000000000000e+00
0.000000000000000000e+00
0.000000000000000000e+00
0.000000000000000000e+00
0.000000000000000000e+00
0.000000000000000000e+00
0.000000000000000000e+00
0.000000000000000000e+00
0.000000000000000000e+00
0.000000000000000000e+00
0.000000000000000000e+00
0.000000000000000000e+00
0.000000000000000000e+00
0.000000000000000000e+00
0.000000000000000000e+00
0.000000000000000000e+00
0.000000000000000000e+00
0.000000000000000000e+00
0.000000000000000000e+00
0.000000000000000000e+00
0.000000000000000000e+00
0.000000000000000000e+00
0.000000000000000000e+00
0.000000000000000000e+00
0.000000000000000000e+00
0.000000000000000000e+00
0.000000000000000000e+00
0.000000000000000000e+00
0.000000000000000000e+00
0.000000000000000000e+00
0.000000000000000000e+00
0.000000000000000000e+00
0.000000000000000000e+00
0.000000000000000000e+00
0.000000000000000000e+00
0.000000000000000000e+00
0.000000000000000000e+00
0.000000000000000000e+00
0.000000000000000000e+00
0.000000000000000000e+00
0.000000000000000000e+00
0.000000000000000000e+00
0.000000000000000000e+00
0.000000000000000000e+00
0.000000000000000000e+00
0.000000000000000000e+00
0.000000000000000000e+00
0.000000000000000000e+00
0.000000000000000000e+00
0.000000000000000000e+00
0.000000000000000000e+00
0.000000000000000000e+00
0.000000000000000000e+00
0.000000000000000000e+00
0.000000000000000000e+00
0.000000000000000000e+00
0.000000000000000000e+00
0.000000000000000000e+00
0.000000000000000000e+00
0.000000000000000000e+00
0.000000000000000000e+00
0.000000000000000000e+00
0.000000000000000000e+00
0.000000000000000000e+00
0.000000000000000000e+00
0.000000000000000000e+00
0.000000000000000000e+00
0.000000000000000000e+00
0.000000000000000000e+00
0.000000000000000000e+00
0.000000000000000000e+00
0.000000000000000000e+00
0.000000000000000000e+00
0.000000000000000000e+00
0.000000000000000000e+00
0.000000000000000000e+00
0.000000000000000000e+00
0.000000000000000000e+00
0.000000000000000000e+00
0.000000000000000000e+00
0.000000000000000000e+00
0.000000000000000000e+00
0.000000000000000000e+00
0.000000000000000000e+00
0.000000000000000000e+00
0.000000000000000000e+00
0.000000000000000000e+00
0.000000000000000000e+00
0.000000000000000000e+00
0.000000000000000000e+00
0.000000000000000000e+00
0.000000000000000000e+00
0.000000000000000000e+00
0.000000000000000000e+00
0.000000000000000000e+00
0.000000000000000000e+00
0.000000000000000000e+00
0.000000000000000000e+00
0.000000000000000000e+00
0.000000000000000000e+00
0.000000000000000000e+00
0.000000000000000000e+00
0.000000000000000000e+00
0.000000000000000000e+00
0.000000000000000000e+00
0.000000000000000000e+00
0.000000000000000000e+00
0.000000000000000000e+00
0.000000000000000000e+00
0.000000000000000000e+00
0.000000000000000000e+00
0.000000000000000000e+00
0.000000000000000000e+00
0.000000000000000000e+00
0.000000000000000000e+00
0.000000000000000000e+00
0.000000000000000000e+00
0.000000000000000000e+00
0.000000000000000000e+00
0.000000000000000000e+00
0.000000000000000000e+00
0.000000000000000000e+00
0.000000000000000000e+00
0.000000000000000000e+00
0.000000000000000000e+00
0.000000000000000000e+00
0.000000000000000000e+00
0.000000000000000000e+00
0.000000000000000000e+00
0.000000000000000000e+00
0.000000000000000000e+00
0.000000000000000000e+00
